[level]
type = indoor
local_name = transparent

[terrax]
vp_layout = 0
grid_step = 4
grid_show = 1
cam3_view = 1
cam3_scale = 0.027346
cam3_rot = 0.000000 0.000000 0.000000 1.000000
cam3_pos = -9.000000 1.500000 -1000.000000
cam2_view = 2
cam2_scale = 0.021738
cam2_rot = 0.000000 0.707107 0.000000 0.707107
cam2_pos = 1000.000000 1.500000 -11.500000
cam1_view = 0
cam1_scale = 0.028043
cam1_rot = -0.707107 0.000000 0.000000 0.707107
cam1_pos = -49.027889 1000.000000 -49.258514
cam0_view = -1
cam0_scale = 1.000000
cam0_rot = -0.010311 0.989566 -0.093464 0.109170
cam0_pos = 1.037991 5.559651 5.434938
