[level]
type = indoor
local_name = demo_ladder

[terrax]
vp_layout = 0
grid_step = 0
grid_show = 1
cam3_view = 1
cam3_scale = 0.015774
cam3_rot = 0.000000 0.000000 0.000000 1.000000
cam3_pos = 12.945367 4.560362 -1000.000000
cam2_view = 2
cam2_scale = 1.000000
cam2_rot = 0.000000 0.707107 0.000000 0.707107
cam2_pos = 1000.000000 9.500000 5.000000
cam1_view = 0
cam1_scale = 0.007253
cam1_rot = -0.707107 0.000000 0.000000 0.707107
cam1_pos = 13.969915 1000.000000 9.936333
cam0_view = -1
cam0_scale = 1.000000
cam0_rot = -0.329444 0.637115 -0.347525 0.603967
cam0_pos = 14.668636 2.814216 10.279552
