[light]
count = 1

[light_0]
name = sun
enable = 1
type = 0
color_r = 255
color_g = 255
color_b = 255
is_shadowed = 1
pos_x = 60.000000
pos_y = 60.000000
pos_z = 0.000000
power = 200.000000

